road : 0.19302787483331837
lanes : 0.006104428040256025
undrivable : 0.5184458092835925
movable : 0.029701103222159634
my_car : 0.2527207846206733
